c Problem SAT 8+211
c
p cnf 818 3204
1 16 -24 0
1 -16 -24 0
-1 16 -24 0
-1 -16 24 0
2 16 -25 0
2 -16 -25 0
-2 16 -25 0
-2 -16 25 0
3 16 -26 0
3 -16 -26 0
-3 16 -26 0
-3 -16 26 0
4 16 -27 0
4 -16 -27 0
-4 16 -27 0
-4 -16 27 0
5 16 -28 0
5 -16 -28 0
-5 16 -28 0
-5 -16 28 0
6 16 -29 0
6 -16 -29 0
-6 16 -29 0
-6 -16 29 0
7 16 -30 0
7 -16 -30 0
-7 16 -30 0
-7 -16 30 0
8 16 -31 0
8 -16 -31 0
-8 16 -31 0
-8 -16 31 0
9 16 -32 0
9 -16 -32 0
-9 16 -32 0
-9 -16 32 0
10 16 -33 0
10 -16 -33 0
-10 16 -33 0
-10 -16 33 0
11 16 -34 0
11 -16 -34 0
-11 16 -34 0
-11 -16 34 0
12 16 -35 0
12 -16 -35 0
-12 16 -35 0
-12 -16 35 0
13 16 -36 0
13 -16 -36 0
-13 16 -36 0
-13 -16 36 0
14 16 -37 0
14 -16 -37 0
-14 16 -37 0
-14 -16 37 0
15 16 -38 0
15 -16 -38 0
-15 16 -38 0
-15 -16 38 0
1 17 -39 0
1 -17 -39 0
-1 17 -39 0
-1 -17 39 0
2 17 -40 0
2 -17 -40 0
-2 17 -40 0
-2 -17 40 0
3 17 -41 0
3 -17 -41 0
-3 17 -41 0
-3 -17 41 0
4 17 -42 0
4 -17 -42 0
-4 17 -42 0
-4 -17 42 0
5 17 -43 0
5 -17 -43 0
-5 17 -43 0
-5 -17 43 0
6 17 -44 0
6 -17 -44 0
-6 17 -44 0
-6 -17 44 0
7 17 -45 0
7 -17 -45 0
-7 17 -45 0
-7 -17 45 0
8 17 -46 0
8 -17 -46 0
-8 17 -46 0
-8 -17 46 0
9 17 -47 0
9 -17 -47 0
-9 17 -47 0
-9 -17 47 0
10 17 -48 0
10 -17 -48 0
-10 17 -48 0
-10 -17 48 0
11 17 -49 0
11 -17 -49 0
-11 17 -49 0
-11 -17 49 0
12 17 -50 0
12 -17 -50 0
-12 17 -50 0
-12 -17 50 0
13 17 -51 0
13 -17 -51 0
-13 17 -51 0
-13 -17 51 0
14 17 -52 0
14 -17 -52 0
-14 17 -52 0
-14 -17 52 0
15 17 -53 0
15 -17 -53 0
-15 17 -53 0
-15 -17 53 0
1 18 -54 0
1 -18 -54 0
-1 18 -54 0
-1 -18 54 0
2 18 -55 0
2 -18 -55 0
-2 18 -55 0
-2 -18 55 0
3 18 -56 0
3 -18 -56 0
-3 18 -56 0
-3 -18 56 0
4 18 -57 0
4 -18 -57 0
-4 18 -57 0
-4 -18 57 0
5 18 -58 0
5 -18 -58 0
-5 18 -58 0
-5 -18 58 0
6 18 -59 0
6 -18 -59 0
-6 18 -59 0
-6 -18 59 0
7 18 -60 0
7 -18 -60 0
-7 18 -60 0
-7 -18 60 0
8 18 -61 0
8 -18 -61 0
-8 18 -61 0
-8 -18 61 0
9 18 -62 0
9 -18 -62 0
-9 18 -62 0
-9 -18 62 0
10 18 -63 0
10 -18 -63 0
-10 18 -63 0
-10 -18 63 0
11 18 -64 0
11 -18 -64 0
-11 18 -64 0
-11 -18 64 0
12 18 -65 0
12 -18 -65 0
-12 18 -65 0
-12 -18 65 0
13 18 -66 0
13 -18 -66 0
-13 18 -66 0
-13 -18 66 0
14 18 -67 0
14 -18 -67 0
-14 18 -67 0
-14 -18 67 0
15 18 -68 0
15 -18 -68 0
-15 18 -68 0
-15 -18 68 0
1 19 -69 0
1 -19 -69 0
-1 19 -69 0
-1 -19 69 0
2 19 -70 0
2 -19 -70 0
-2 19 -70 0
-2 -19 70 0
3 19 -71 0
3 -19 -71 0
-3 19 -71 0
-3 -19 71 0
4 19 -72 0
4 -19 -72 0
-4 19 -72 0
-4 -19 72 0
5 19 -73 0
5 -19 -73 0
-5 19 -73 0
-5 -19 73 0
6 19 -74 0
6 -19 -74 0
-6 19 -74 0
-6 -19 74 0
7 19 -75 0
7 -19 -75 0
-7 19 -75 0
-7 -19 75 0
8 19 -76 0
8 -19 -76 0
-8 19 -76 0
-8 -19 76 0
9 19 -77 0
9 -19 -77 0
-9 19 -77 0
-9 -19 77 0
10 19 -78 0
10 -19 -78 0
-10 19 -78 0
-10 -19 78 0
11 19 -79 0
11 -19 -79 0
-11 19 -79 0
-11 -19 79 0
12 19 -80 0
12 -19 -80 0
-12 19 -80 0
-12 -19 80 0
13 19 -81 0
13 -19 -81 0
-13 19 -81 0
-13 -19 81 0
14 19 -82 0
14 -19 -82 0
-14 19 -82 0
-14 -19 82 0
15 19 -83 0
15 -19 -83 0
-15 19 -83 0
-15 -19 83 0
1 20 -84 0
1 -20 -84 0
-1 20 -84 0
-1 -20 84 0
2 20 -85 0
2 -20 -85 0
-2 20 -85 0
-2 -20 85 0
3 20 -86 0
3 -20 -86 0
-3 20 -86 0
-3 -20 86 0
4 20 -87 0
4 -20 -87 0
-4 20 -87 0
-4 -20 87 0
5 20 -88 0
5 -20 -88 0
-5 20 -88 0
-5 -20 88 0
6 20 -89 0
6 -20 -89 0
-6 20 -89 0
-6 -20 89 0
7 20 -90 0
7 -20 -90 0
-7 20 -90 0
-7 -20 90 0
8 20 -91 0
8 -20 -91 0
-8 20 -91 0
-8 -20 91 0
9 20 -92 0
9 -20 -92 0
-9 20 -92 0
-9 -20 92 0
10 20 -93 0
10 -20 -93 0
-10 20 -93 0
-10 -20 93 0
11 20 -94 0
11 -20 -94 0
-11 20 -94 0
-11 -20 94 0
12 20 -95 0
12 -20 -95 0
-12 20 -95 0
-12 -20 95 0
13 20 -96 0
13 -20 -96 0
-13 20 -96 0
-13 -20 96 0
14 20 -97 0
14 -20 -97 0
-14 20 -97 0
-14 -20 97 0
15 20 -98 0
15 -20 -98 0
-15 20 -98 0
-15 -20 98 0
1 21 -99 0
1 -21 -99 0
-1 21 -99 0
-1 -21 99 0
2 21 -100 0
2 -21 -100 0
-2 21 -100 0
-2 -21 100 0
3 21 -101 0
3 -21 -101 0
-3 21 -101 0
-3 -21 101 0
4 21 -102 0
4 -21 -102 0
-4 21 -102 0
-4 -21 102 0
5 21 -103 0
5 -21 -103 0
-5 21 -103 0
-5 -21 103 0
6 21 -104 0
6 -21 -104 0
-6 21 -104 0
-6 -21 104 0
7 21 -105 0
7 -21 -105 0
-7 21 -105 0
-7 -21 105 0
8 21 -106 0
8 -21 -106 0
-8 21 -106 0
-8 -21 106 0
9 21 -107 0
9 -21 -107 0
-9 21 -107 0
-9 -21 107 0
10 21 -108 0
10 -21 -108 0
-10 21 -108 0
-10 -21 108 0
11 21 -109 0
11 -21 -109 0
-11 21 -109 0
-11 -21 109 0
12 21 -110 0
12 -21 -110 0
-12 21 -110 0
-12 -21 110 0
13 21 -111 0
13 -21 -111 0
-13 21 -111 0
-13 -21 111 0
14 21 -112 0
14 -21 -112 0
-14 21 -112 0
-14 -21 112 0
15 21 -113 0
15 -21 -113 0
-15 21 -113 0
-15 -21 113 0
1 22 -114 0
1 -22 -114 0
-1 22 -114 0
-1 -22 114 0
2 22 -115 0
2 -22 -115 0
-2 22 -115 0
-2 -22 115 0
3 22 -116 0
3 -22 -116 0
-3 22 -116 0
-3 -22 116 0
4 22 -117 0
4 -22 -117 0
-4 22 -117 0
-4 -22 117 0
5 22 -118 0
5 -22 -118 0
-5 22 -118 0
-5 -22 118 0
6 22 -119 0
6 -22 -119 0
-6 22 -119 0
-6 -22 119 0
7 22 -120 0
7 -22 -120 0
-7 22 -120 0
-7 -22 120 0
8 22 -121 0
8 -22 -121 0
-8 22 -121 0
-8 -22 121 0
9 22 -122 0
9 -22 -122 0
-9 22 -122 0
-9 -22 122 0
10 22 -123 0
10 -22 -123 0
-10 22 -123 0
-10 -22 123 0
11 22 -124 0
11 -22 -124 0
-11 22 -124 0
-11 -22 124 0
12 22 -125 0
12 -22 -125 0
-12 22 -125 0
-12 -22 125 0
13 22 -126 0
13 -22 -126 0
-13 22 -126 0
-13 -22 126 0
14 22 -127 0
14 -22 -127 0
-14 22 -127 0
-14 -22 127 0
15 22 -128 0
15 -22 -128 0
-15 22 -128 0
-15 -22 128 0
1 23 -129 0
1 -23 -129 0
-1 23 -129 0
-1 -23 129 0
2 23 -130 0
2 -23 -130 0
-2 23 -130 0
-2 -23 130 0
3 23 -131 0
3 -23 -131 0
-3 23 -131 0
-3 -23 131 0
4 23 -132 0
4 -23 -132 0
-4 23 -132 0
-4 -23 132 0
5 23 -133 0
5 -23 -133 0
-5 23 -133 0
-5 -23 133 0
6 23 -134 0
6 -23 -134 0
-6 23 -134 0
-6 -23 134 0
7 23 -135 0
7 -23 -135 0
-7 23 -135 0
-7 -23 135 0
8 23 -136 0
8 -23 -136 0
-8 23 -136 0
-8 -23 136 0
9 23 -137 0
9 -23 -137 0
-9 23 -137 0
-9 -23 137 0
10 23 -138 0
10 -23 -138 0
-10 23 -138 0
-10 -23 138 0
11 23 -139 0
11 -23 -139 0
-11 23 -139 0
-11 -23 139 0
12 23 -140 0
12 -23 -140 0
-12 23 -140 0
-12 -23 140 0
13 23 -141 0
13 -23 -141 0
-13 23 -141 0
-13 -23 141 0
14 23 -142 0
14 -23 -142 0
-14 23 -142 0
-14 -23 142 0
15 23 -143 0
15 -23 -143 0
-15 23 -143 0
-15 -23 143 0
25 39 -144 0
25 -39 -144 0
-25 39 -144 0
-25 -39 144 0
25 39 -145 0
25 -39 145 0
-25 39 145 0
-25 -39 -145 0
40 54 -146 0
40 -54 -146 0
-40 54 -146 0
-40 -54 146 0
40 54 -147 0
40 -54 147 0
-40 54 147 0
-40 -54 -147 0
26 147 -148 0
26 -147 -148 0
-26 147 -148 0
-26 -147 148 0
26 147 -149 0
26 -147 149 0
-26 147 149 0
-26 -147 -149 0
146 148 -150 0
146 -148 150 0
-146 148 150 0
-146 -148 -150 0
41 55 -151 0
41 -55 -151 0
-41 55 -151 0
-41 -55 151 0
41 55 -152 0
41 -55 152 0
-41 55 152 0
-41 -55 -152 0
27 152 -153 0
27 -152 -153 0
-27 152 -153 0
-27 -152 153 0
27 152 -154 0
27 -152 154 0
-27 152 154 0
-27 -152 -154 0
151 153 -155 0
151 -153 155 0
-151 153 155 0
-151 -153 -155 0
42 56 -156 0
42 -56 -156 0
-42 56 -156 0
-42 -56 156 0
42 56 -157 0
42 -56 157 0
-42 56 157 0
-42 -56 -157 0
28 157 -158 0
28 -157 -158 0
-28 157 -158 0
-28 -157 158 0
28 157 -159 0
28 -157 159 0
-28 157 159 0
-28 -157 -159 0
156 158 -160 0
156 -158 160 0
-156 158 160 0
-156 -158 -160 0
43 57 -161 0
43 -57 -161 0
-43 57 -161 0
-43 -57 161 0
43 57 -162 0
43 -57 162 0
-43 57 162 0
-43 -57 -162 0
29 162 -163 0
29 -162 -163 0
-29 162 -163 0
-29 -162 163 0
29 162 -164 0
29 -162 164 0
-29 162 164 0
-29 -162 -164 0
161 163 -165 0
161 -163 165 0
-161 163 165 0
-161 -163 -165 0
44 58 -166 0
44 -58 -166 0
-44 58 -166 0
-44 -58 166 0
44 58 -167 0
44 -58 167 0
-44 58 167 0
-44 -58 -167 0
30 167 -168 0
30 -167 -168 0
-30 167 -168 0
-30 -167 168 0
30 167 -169 0
30 -167 169 0
-30 167 169 0
-30 -167 -169 0
166 168 -170 0
166 -168 170 0
-166 168 170 0
-166 -168 -170 0
45 59 -171 0
45 -59 -171 0
-45 59 -171 0
-45 -59 171 0
45 59 -172 0
45 -59 172 0
-45 59 172 0
-45 -59 -172 0
31 172 -173 0
31 -172 -173 0
-31 172 -173 0
-31 -172 173 0
31 172 -174 0
31 -172 174 0
-31 172 174 0
-31 -172 -174 0
171 173 -175 0
171 -173 175 0
-171 173 175 0
-171 -173 -175 0
46 60 -176 0
46 -60 -176 0
-46 60 -176 0
-46 -60 176 0
46 60 -177 0
46 -60 177 0
-46 60 177 0
-46 -60 -177 0
32 177 -178 0
32 -177 -178 0
-32 177 -178 0
-32 -177 178 0
32 177 -179 0
32 -177 179 0
-32 177 179 0
-32 -177 -179 0
176 178 -180 0
176 -178 180 0
-176 178 180 0
-176 -178 -180 0
47 61 -181 0
47 -61 -181 0
-47 61 -181 0
-47 -61 181 0
47 61 -182 0
47 -61 182 0
-47 61 182 0
-47 -61 -182 0
33 182 -183 0
33 -182 -183 0
-33 182 -183 0
-33 -182 183 0
33 182 -184 0
33 -182 184 0
-33 182 184 0
-33 -182 -184 0
181 183 -185 0
181 -183 185 0
-181 183 185 0
-181 -183 -185 0
48 62 -186 0
48 -62 -186 0
-48 62 -186 0
-48 -62 186 0
48 62 -187 0
48 -62 187 0
-48 62 187 0
-48 -62 -187 0
34 187 -188 0
34 -187 -188 0
-34 187 -188 0
-34 -187 188 0
34 187 -189 0
34 -187 189 0
-34 187 189 0
-34 -187 -189 0
186 188 -190 0
186 -188 190 0
-186 188 190 0
-186 -188 -190 0
49 63 -191 0
49 -63 -191 0
-49 63 -191 0
-49 -63 191 0
49 63 -192 0
49 -63 192 0
-49 63 192 0
-49 -63 -192 0
35 192 -193 0
35 -192 -193 0
-35 192 -193 0
-35 -192 193 0
35 192 -194 0
35 -192 194 0
-35 192 194 0
-35 -192 -194 0
191 193 -195 0
191 -193 195 0
-191 193 195 0
-191 -193 -195 0
50 64 -196 0
50 -64 -196 0
-50 64 -196 0
-50 -64 196 0
50 64 -197 0
50 -64 197 0
-50 64 197 0
-50 -64 -197 0
36 197 -198 0
36 -197 -198 0
-36 197 -198 0
-36 -197 198 0
36 197 -199 0
36 -197 199 0
-36 197 199 0
-36 -197 -199 0
196 198 -200 0
196 -198 200 0
-196 198 200 0
-196 -198 -200 0
51 65 -201 0
51 -65 -201 0
-51 65 -201 0
-51 -65 201 0
51 65 -202 0
51 -65 202 0
-51 65 202 0
-51 -65 -202 0
37 202 -203 0
37 -202 -203 0
-37 202 -203 0
-37 -202 203 0
37 202 -204 0
37 -202 204 0
-37 202 204 0
-37 -202 -204 0
201 203 -205 0
201 -203 205 0
-201 203 205 0
-201 -203 -205 0
52 66 -206 0
52 -66 -206 0
-52 66 -206 0
-52 -66 206 0
52 66 -207 0
52 -66 207 0
-52 66 207 0
-52 -66 -207 0
38 207 -208 0
38 -207 -208 0
-38 207 -208 0
-38 -207 208 0
38 207 -209 0
38 -207 209 0
-38 207 209 0
-38 -207 -209 0
206 208 -210 0
206 -208 210 0
-206 208 210 0
-206 -208 -210 0
53 67 -211 0
53 -67 -211 0
-53 67 -211 0
-53 -67 211 0
53 67 -212 0
53 -67 212 0
-53 67 212 0
-53 -67 -212 0
70 84 -213 0
70 -84 -213 0
-70 84 -213 0
-70 -84 213 0
70 84 -214 0
70 -84 214 0
-70 84 214 0
-70 -84 -214 0
85 99 -215 0
85 -99 -215 0
-85 99 -215 0
-85 -99 215 0
85 99 -216 0
85 -99 216 0
-85 99 216 0
-85 -99 -216 0
71 216 -217 0
71 -216 -217 0
-71 216 -217 0
-71 -216 217 0
71 216 -218 0
71 -216 218 0
-71 216 218 0
-71 -216 -218 0
215 217 -219 0
215 -217 219 0
-215 217 219 0
-215 -217 -219 0
86 100 -220 0
86 -100 -220 0
-86 100 -220 0
-86 -100 220 0
86 100 -221 0
86 -100 221 0
-86 100 221 0
-86 -100 -221 0
72 221 -222 0
72 -221 -222 0
-72 221 -222 0
-72 -221 222 0
72 221 -223 0
72 -221 223 0
-72 221 223 0
-72 -221 -223 0
220 222 -224 0
220 -222 224 0
-220 222 224 0
-220 -222 -224 0
87 101 -225 0
87 -101 -225 0
-87 101 -225 0
-87 -101 225 0
87 101 -226 0
87 -101 226 0
-87 101 226 0
-87 -101 -226 0
73 226 -227 0
73 -226 -227 0
-73 226 -227 0
-73 -226 227 0
73 226 -228 0
73 -226 228 0
-73 226 228 0
-73 -226 -228 0
225 227 -229 0
225 -227 229 0
-225 227 229 0
-225 -227 -229 0
88 102 -230 0
88 -102 -230 0
-88 102 -230 0
-88 -102 230 0
88 102 -231 0
88 -102 231 0
-88 102 231 0
-88 -102 -231 0
74 231 -232 0
74 -231 -232 0
-74 231 -232 0
-74 -231 232 0
74 231 -233 0
74 -231 233 0
-74 231 233 0
-74 -231 -233 0
230 232 -234 0
230 -232 234 0
-230 232 234 0
-230 -232 -234 0
89 103 -235 0
89 -103 -235 0
-89 103 -235 0
-89 -103 235 0
89 103 -236 0
89 -103 236 0
-89 103 236 0
-89 -103 -236 0
75 236 -237 0
75 -236 -237 0
-75 236 -237 0
-75 -236 237 0
75 236 -238 0
75 -236 238 0
-75 236 238 0
-75 -236 -238 0
235 237 -239 0
235 -237 239 0
-235 237 239 0
-235 -237 -239 0
90 104 -240 0
90 -104 -240 0
-90 104 -240 0
-90 -104 240 0
90 104 -241 0
90 -104 241 0
-90 104 241 0
-90 -104 -241 0
76 241 -242 0
76 -241 -242 0
-76 241 -242 0
-76 -241 242 0
76 241 -243 0
76 -241 243 0
-76 241 243 0
-76 -241 -243 0
240 242 -244 0
240 -242 244 0
-240 242 244 0
-240 -242 -244 0
91 105 -245 0
91 -105 -245 0
-91 105 -245 0
-91 -105 245 0
91 105 -246 0
91 -105 246 0
-91 105 246 0
-91 -105 -246 0
77 246 -247 0
77 -246 -247 0
-77 246 -247 0
-77 -246 247 0
77 246 -248 0
77 -246 248 0
-77 246 248 0
-77 -246 -248 0
245 247 -249 0
245 -247 249 0
-245 247 249 0
-245 -247 -249 0
92 106 -250 0
92 -106 -250 0
-92 106 -250 0
-92 -106 250 0
92 106 -251 0
92 -106 251 0
-92 106 251 0
-92 -106 -251 0
78 251 -252 0
78 -251 -252 0
-78 251 -252 0
-78 -251 252 0
78 251 -253 0
78 -251 253 0
-78 251 253 0
-78 -251 -253 0
250 252 -254 0
250 -252 254 0
-250 252 254 0
-250 -252 -254 0
93 107 -255 0
93 -107 -255 0
-93 107 -255 0
-93 -107 255 0
93 107 -256 0
93 -107 256 0
-93 107 256 0
-93 -107 -256 0
79 256 -257 0
79 -256 -257 0
-79 256 -257 0
-79 -256 257 0
79 256 -258 0
79 -256 258 0
-79 256 258 0
-79 -256 -258 0
255 257 -259 0
255 -257 259 0
-255 257 259 0
-255 -257 -259 0
94 108 -260 0
94 -108 -260 0
-94 108 -260 0
-94 -108 260 0
94 108 -261 0
94 -108 261 0
-94 108 261 0
-94 -108 -261 0
80 261 -262 0
80 -261 -262 0
-80 261 -262 0
-80 -261 262 0
80 261 -263 0
80 -261 263 0
-80 261 263 0
-80 -261 -263 0
260 262 -264 0
260 -262 264 0
-260 262 264 0
-260 -262 -264 0
95 109 -265 0
95 -109 -265 0
-95 109 -265 0
-95 -109 265 0
95 109 -266 0
95 -109 266 0
-95 109 266 0
-95 -109 -266 0
81 266 -267 0
81 -266 -267 0
-81 266 -267 0
-81 -266 267 0
81 266 -268 0
81 -266 268 0
-81 266 268 0
-81 -266 -268 0
265 267 -269 0
265 -267 269 0
-265 267 269 0
-265 -267 -269 0
96 110 -270 0
96 -110 -270 0
-96 110 -270 0
-96 -110 270 0
96 110 -271 0
96 -110 271 0
-96 110 271 0
-96 -110 -271 0
82 271 -272 0
82 -271 -272 0
-82 271 -272 0
-82 -271 272 0
82 271 -273 0
82 -271 273 0
-82 271 273 0
-82 -271 -273 0
270 272 -274 0
270 -272 274 0
-270 272 274 0
-270 -272 -274 0
97 111 -275 0
97 -111 -275 0
-97 111 -275 0
-97 -111 275 0
97 111 -276 0
97 -111 276 0
-97 111 276 0
-97 -111 -276 0
83 276 -277 0
83 -276 -277 0
-83 276 -277 0
-83 -276 277 0
83 276 -278 0
83 -276 278 0
-83 276 278 0
-83 -276 -278 0
275 277 -279 0
275 -277 279 0
-275 277 279 0
-275 -277 -279 0
98 112 -280 0
98 -112 -280 0
-98 112 -280 0
-98 -112 280 0
98 112 -281 0
98 -112 281 0
-98 112 281 0
-98 -112 -281 0
144 149 -282 0
144 -149 -282 0
-144 149 -282 0
-144 -149 282 0
144 149 -283 0
144 -149 283 0
-144 149 283 0
-144 -149 -283 0
150 154 -284 0
150 -154 -284 0
-150 154 -284 0
-150 -154 284 0
150 154 -285 0
150 -154 285 0
-150 154 285 0
-150 -154 -285 0
155 159 -286 0
155 -159 -286 0
-155 159 -286 0
-155 -159 286 0
155 159 -287 0
155 -159 287 0
-155 159 287 0
-155 -159 -287 0
213 164 -288 0
213 -164 -288 0
-213 164 -288 0
-213 -164 288 0
213 164 -289 0
213 -164 289 0
-213 164 289 0
-213 -164 -289 0
160 289 -290 0
160 -289 -290 0
-160 289 -290 0
-160 -289 290 0
160 289 -291 0
160 -289 291 0
-160 289 291 0
-160 -289 -291 0
288 290 -292 0
288 -290 292 0
-288 290 292 0
-288 -290 -292 0
219 169 -293 0
219 -169 -293 0
-219 169 -293 0
-219 -169 293 0
219 169 -294 0
219 -169 294 0
-219 169 294 0
-219 -169 -294 0
165 294 -295 0
165 -294 -295 0
-165 294 -295 0
-165 -294 295 0
165 294 -296 0
165 -294 296 0
-165 294 296 0
-165 -294 -296 0
293 295 -297 0
293 -295 297 0
-293 295 297 0
-293 -295 -297 0
224 174 -298 0
224 -174 -298 0
-224 174 -298 0
-224 -174 298 0
224 174 -299 0
224 -174 299 0
-224 174 299 0
-224 -174 -299 0
170 299 -300 0
170 -299 -300 0
-170 299 -300 0
-170 -299 300 0
170 299 -301 0
170 -299 301 0
-170 299 301 0
-170 -299 -301 0
298 300 -302 0
298 -300 302 0
-298 300 302 0
-298 -300 -302 0
229 179 -303 0
229 -179 -303 0
-229 179 -303 0
-229 -179 303 0
229 179 -304 0
229 -179 304 0
-229 179 304 0
-229 -179 -304 0
175 304 -305 0
175 -304 -305 0
-175 304 -305 0
-175 -304 305 0
175 304 -306 0
175 -304 306 0
-175 304 306 0
-175 -304 -306 0
303 305 -307 0
303 -305 307 0
-303 305 307 0
-303 -305 -307 0
234 184 -308 0
234 -184 -308 0
-234 184 -308 0
-234 -184 308 0
234 184 -309 0
234 -184 309 0
-234 184 309 0
-234 -184 -309 0
180 309 -310 0
180 -309 -310 0
-180 309 -310 0
-180 -309 310 0
180 309 -311 0
180 -309 311 0
-180 309 311 0
-180 -309 -311 0
308 310 -312 0
308 -310 312 0
-308 310 312 0
-308 -310 -312 0
239 189 -313 0
239 -189 -313 0
-239 189 -313 0
-239 -189 313 0
239 189 -314 0
239 -189 314 0
-239 189 314 0
-239 -189 -314 0
185 314 -315 0
185 -314 -315 0
-185 314 -315 0
-185 -314 315 0
185 314 -316 0
185 -314 316 0
-185 314 316 0
-185 -314 -316 0
313 315 -317 0
313 -315 317 0
-313 315 317 0
-313 -315 -317 0
244 194 -318 0
244 -194 -318 0
-244 194 -318 0
-244 -194 318 0
244 194 -319 0
244 -194 319 0
-244 194 319 0
-244 -194 -319 0
190 319 -320 0
190 -319 -320 0
-190 319 -320 0
-190 -319 320 0
190 319 -321 0
190 -319 321 0
-190 319 321 0
-190 -319 -321 0
318 320 -322 0
318 -320 322 0
-318 320 322 0
-318 -320 -322 0
249 199 -323 0
249 -199 -323 0
-249 199 -323 0
-249 -199 323 0
249 199 -324 0
249 -199 324 0
-249 199 324 0
-249 -199 -324 0
195 324 -325 0
195 -324 -325 0
-195 324 -325 0
-195 -324 325 0
195 324 -326 0
195 -324 326 0
-195 324 326 0
-195 -324 -326 0
323 325 -327 0
323 -325 327 0
-323 325 327 0
-323 -325 -327 0
254 204 -328 0
254 -204 -328 0
-254 204 -328 0
-254 -204 328 0
254 204 -329 0
254 -204 329 0
-254 204 329 0
-254 -204 -329 0
200 329 -330 0
200 -329 -330 0
-200 329 -330 0
-200 -329 330 0
200 329 -331 0
200 -329 331 0
-200 329 331 0
-200 -329 -331 0
328 330 -332 0
328 -330 332 0
-328 330 332 0
-328 -330 -332 0
259 209 -333 0
259 -209 -333 0
-259 209 -333 0
-259 -209 333 0
259 209 -334 0
259 -209 334 0
-259 209 334 0
-259 -209 -334 0
205 334 -335 0
205 -334 -335 0
-205 334 -335 0
-205 -334 335 0
205 334 -336 0
205 -334 336 0
-205 334 336 0
-205 -334 -336 0
333 335 -337 0
333 -335 337 0
-333 335 337 0
-333 -335 -337 0
264 212 -338 0
264 -212 -338 0
-264 212 -338 0
-264 -212 338 0
264 212 -339 0
264 -212 339 0
-264 212 339 0
-264 -212 -339 0
210 339 -340 0
210 -339 -340 0
-210 339 -340 0
-210 -339 340 0
210 339 -341 0
210 -339 341 0
-210 339 341 0
-210 -339 -341 0
338 340 -342 0
338 -340 342 0
-338 340 342 0
-338 -340 -342 0
269 68 -343 0
269 -68 -343 0
-269 68 -343 0
-269 -68 343 0
269 68 -344 0
269 -68 344 0
-269 68 344 0
-269 -68 -344 0
211 344 -345 0
211 -344 -345 0
-211 344 -345 0
-211 -344 345 0
211 344 -346 0
211 -344 346 0
-211 344 346 0
-211 -344 -346 0
343 345 -347 0
343 -345 347 0
-343 345 347 0
-343 -345 -347 0
223 114 -348 0
223 -114 -348 0
-223 114 -348 0
-223 -114 348 0
223 114 -349 0
223 -114 349 0
-223 114 349 0
-223 -114 -349 0
115 129 -350 0
115 -129 -350 0
-115 129 -350 0
-115 -129 350 0
115 129 -351 0
115 -129 351 0
-115 129 351 0
-115 -129 -351 0
228 351 -352 0
228 -351 -352 0
-228 351 -352 0
-228 -351 352 0
228 351 -353 0
228 -351 353 0
-228 351 353 0
-228 -351 -353 0
350 352 -354 0
350 -352 354 0
-350 352 354 0
-350 -352 -354 0
116 130 -355 0
116 -130 -355 0
-116 130 -355 0
-116 -130 355 0
116 130 -356 0
116 -130 356 0
-116 130 356 0
-116 -130 -356 0
233 356 -357 0
233 -356 -357 0
-233 356 -357 0
-233 -356 357 0
233 356 -358 0
233 -356 358 0
-233 356 358 0
-233 -356 -358 0
355 357 -359 0
355 -357 359 0
-355 357 359 0
-355 -357 -359 0
117 131 -360 0
117 -131 -360 0
-117 131 -360 0
-117 -131 360 0
117 131 -361 0
117 -131 361 0
-117 131 361 0
-117 -131 -361 0
238 361 -362 0
238 -361 -362 0
-238 361 -362 0
-238 -361 362 0
238 361 -363 0
238 -361 363 0
-238 361 363 0
-238 -361 -363 0
360 362 -364 0
360 -362 364 0
-360 362 364 0
-360 -362 -364 0
118 132 -365 0
118 -132 -365 0
-118 132 -365 0
-118 -132 365 0
118 132 -366 0
118 -132 366 0
-118 132 366 0
-118 -132 -366 0
243 366 -367 0
243 -366 -367 0
-243 366 -367 0
-243 -366 367 0
243 366 -368 0
243 -366 368 0
-243 366 368 0
-243 -366 -368 0
365 367 -369 0
365 -367 369 0
-365 367 369 0
-365 -367 -369 0
119 133 -370 0
119 -133 -370 0
-119 133 -370 0
-119 -133 370 0
119 133 -371 0
119 -133 371 0
-119 133 371 0
-119 -133 -371 0
248 371 -372 0
248 -371 -372 0
-248 371 -372 0
-248 -371 372 0
248 371 -373 0
248 -371 373 0
-248 371 373 0
-248 -371 -373 0
370 372 -374 0
370 -372 374 0
-370 372 374 0
-370 -372 -374 0
120 134 -375 0
120 -134 -375 0
-120 134 -375 0
-120 -134 375 0
120 134 -376 0
120 -134 376 0
-120 134 376 0
-120 -134 -376 0
253 376 -377 0
253 -376 -377 0
-253 376 -377 0
-253 -376 377 0
253 376 -378 0
253 -376 378 0
-253 376 378 0
-253 -376 -378 0
375 377 -379 0
375 -377 379 0
-375 377 379 0
-375 -377 -379 0
121 135 -380 0
121 -135 -380 0
-121 135 -380 0
-121 -135 380 0
121 135 -381 0
121 -135 381 0
-121 135 381 0
-121 -135 -381 0
258 381 -382 0
258 -381 -382 0
-258 381 -382 0
-258 -381 382 0
258 381 -383 0
258 -381 383 0
-258 381 383 0
-258 -381 -383 0
380 382 -384 0
380 -382 384 0
-380 382 384 0
-380 -382 -384 0
122 136 -385 0
122 -136 -385 0
-122 136 -385 0
-122 -136 385 0
122 136 -386 0
122 -136 386 0
-122 136 386 0
-122 -136 -386 0
263 386 -387 0
263 -386 -387 0
-263 386 -387 0
-263 -386 387 0
263 386 -388 0
263 -386 388 0
-263 386 388 0
-263 -386 -388 0
385 387 -389 0
385 -387 389 0
-385 387 389 0
-385 -387 -389 0
123 137 -390 0
123 -137 -390 0
-123 137 -390 0
-123 -137 390 0
123 137 -391 0
123 -137 391 0
-123 137 391 0
-123 -137 -391 0
268 391 -392 0
268 -391 -392 0
-268 391 -392 0
-268 -391 392 0
268 391 -393 0
268 -391 393 0
-268 391 393 0
-268 -391 -393 0
390 392 -394 0
390 -392 394 0
-390 392 394 0
-390 -392 -394 0
124 138 -395 0
124 -138 -395 0
-124 138 -395 0
-124 -138 395 0
124 138 -396 0
124 -138 396 0
-124 138 396 0
-124 -138 -396 0
273 396 -397 0
273 -396 -397 0
-273 396 -397 0
-273 -396 397 0
273 396 -398 0
273 -396 398 0
-273 396 398 0
-273 -396 -398 0
395 397 -399 0
395 -397 399 0
-395 397 399 0
-395 -397 -399 0
125 139 -400 0
125 -139 -400 0
-125 139 -400 0
-125 -139 400 0
125 139 -401 0
125 -139 401 0
-125 139 401 0
-125 -139 -401 0
278 401 -402 0
278 -401 -402 0
-278 401 -402 0
-278 -401 402 0
278 401 -403 0
278 -401 403 0
-278 401 403 0
-278 -401 -403 0
400 402 -404 0
400 -402 404 0
-400 402 404 0
-400 -402 -404 0
126 140 -405 0
126 -140 -405 0
-126 140 -405 0
-126 -140 405 0
126 140 -406 0
126 -140 406 0
-126 140 406 0
-126 -140 -406 0
281 406 -407 0
281 -406 -407 0
-281 406 -407 0
-281 -406 407 0
281 406 -408 0
281 -406 408 0
-281 406 408 0
-281 -406 -408 0
405 407 -409 0
405 -407 409 0
-405 407 409 0
-405 -407 -409 0
127 141 -410 0
127 -141 -410 0
-127 141 -410 0
-127 -141 410 0
127 141 -411 0
127 -141 411 0
-127 141 411 0
-127 -141 -411 0
113 411 -412 0
113 -411 -412 0
-113 411 -412 0
-113 -411 412 0
113 411 -413 0
113 -411 413 0
-113 411 413 0
-113 -411 -413 0
410 412 -414 0
410 -412 414 0
-410 412 414 0
-410 -412 -414 0
128 142 -415 0
128 -142 -415 0
-128 142 -415 0
-128 -142 415 0
128 142 -416 0
128 -142 416 0
-128 142 416 0
-128 -142 -416 0
282 285 -417 0
282 -285 -417 0
-282 285 -417 0
-282 -285 417 0
282 285 -418 0
282 -285 418 0
-282 285 418 0
-282 -285 -418 0
284 287 -419 0
284 -287 -419 0
-284 287 -419 0
-284 -287 419 0
284 287 -420 0
284 -287 420 0
-284 287 420 0
-284 -287 -420 0
286 291 -421 0
286 -291 -421 0
-286 291 -421 0
-286 -291 421 0
286 291 -422 0
286 -291 422 0
-286 291 422 0
-286 -291 -422 0
292 296 -423 0
292 -296 -423 0
-292 296 -423 0
-292 -296 423 0
292 296 -424 0
292 -296 424 0
-292 296 424 0
-292 -296 -424 0
348 301 -425 0
348 -301 -425 0
-348 301 -425 0
-348 -301 425 0
348 301 -426 0
348 -301 426 0
-348 301 426 0
-348 -301 -426 0
297 426 -427 0
297 -426 -427 0
-297 426 -427 0
-297 -426 427 0
297 426 -428 0
297 -426 428 0
-297 426 428 0
-297 -426 -428 0
425 427 -429 0
425 -427 429 0
-425 427 429 0
-425 -427 -429 0
354 306 -430 0
354 -306 -430 0
-354 306 -430 0
-354 -306 430 0
354 306 -431 0
354 -306 431 0
-354 306 431 0
-354 -306 -431 0
302 431 -432 0
302 -431 -432 0
-302 431 -432 0
-302 -431 432 0
302 431 -433 0
302 -431 433 0
-302 431 433 0
-302 -431 -433 0
430 432 -434 0
430 -432 434 0
-430 432 434 0
-430 -432 -434 0
359 311 -435 0
359 -311 -435 0
-359 311 -435 0
-359 -311 435 0
359 311 -436 0
359 -311 436 0
-359 311 436 0
-359 -311 -436 0
307 436 -437 0
307 -436 -437 0
-307 436 -437 0
-307 -436 437 0
307 436 -438 0
307 -436 438 0
-307 436 438 0
-307 -436 -438 0
435 437 -439 0
435 -437 439 0
-435 437 439 0
-435 -437 -439 0
364 316 -440 0
364 -316 -440 0
-364 316 -440 0
-364 -316 440 0
364 316 -441 0
364 -316 441 0
-364 316 441 0
-364 -316 -441 0
312 441 -442 0
312 -441 -442 0
-312 441 -442 0
-312 -441 442 0
312 441 -443 0
312 -441 443 0
-312 441 443 0
-312 -441 -443 0
440 442 -444 0
440 -442 444 0
-440 442 444 0
-440 -442 -444 0
369 321 -445 0
369 -321 -445 0
-369 321 -445 0
-369 -321 445 0
369 321 -446 0
369 -321 446 0
-369 321 446 0
-369 -321 -446 0
317 446 -447 0
317 -446 -447 0
-317 446 -447 0
-317 -446 447 0
317 446 -448 0
317 -446 448 0
-317 446 448 0
-317 -446 -448 0
445 447 -449 0
445 -447 449 0
-445 447 449 0
-445 -447 -449 0
374 326 -450 0
374 -326 -450 0
-374 326 -450 0
-374 -326 450 0
374 326 -451 0
374 -326 451 0
-374 326 451 0
-374 -326 -451 0
322 451 -452 0
322 -451 -452 0
-322 451 -452 0
-322 -451 452 0
322 451 -453 0
322 -451 453 0
-322 451 453 0
-322 -451 -453 0
450 452 -454 0
450 -452 454 0
-450 452 454 0
-450 -452 -454 0
379 331 -455 0
379 -331 -455 0
-379 331 -455 0
-379 -331 455 0
379 331 -456 0
379 -331 456 0
-379 331 456 0
-379 -331 -456 0
327 456 -457 0
327 -456 -457 0
-327 456 -457 0
-327 -456 457 0
327 456 -458 0
327 -456 458 0
-327 456 458 0
-327 -456 -458 0
455 457 -459 0
455 -457 459 0
-455 457 459 0
-455 -457 -459 0
384 336 -460 0
384 -336 -460 0
-384 336 -460 0
-384 -336 460 0
384 336 -461 0
384 -336 461 0
-384 336 461 0
-384 -336 -461 0
332 461 -462 0
332 -461 -462 0
-332 461 -462 0
-332 -461 462 0
332 461 -463 0
332 -461 463 0
-332 461 463 0
-332 -461 -463 0
460 462 -464 0
460 -462 464 0
-460 462 464 0
-460 -462 -464 0
389 341 -465 0
389 -341 -465 0
-389 341 -465 0
-389 -341 465 0
389 341 -466 0
389 -341 466 0
-389 341 466 0
-389 -341 -466 0
337 466 -467 0
337 -466 -467 0
-337 466 -467 0
-337 -466 467 0
337 466 -468 0
337 -466 468 0
-337 466 468 0
-337 -466 -468 0
465 467 -469 0
465 -467 469 0
-465 467 469 0
-465 -467 -469 0
394 346 -470 0
394 -346 -470 0
-394 346 -470 0
-394 -346 470 0
394 346 -471 0
394 -346 471 0
-394 346 471 0
-394 -346 -471 0
342 471 -472 0
342 -471 -472 0
-342 471 -472 0
-342 -471 472 0
342 471 -473 0
342 -471 473 0
-342 471 473 0
-342 -471 -473 0
470 472 -474 0
470 -472 474 0
-470 472 474 0
-470 -472 -474 0
399 274 -475 0
399 -274 -475 0
-399 274 -475 0
-399 -274 475 0
399 274 -476 0
399 -274 476 0
-399 274 476 0
-399 -274 -476 0
347 476 -477 0
347 -476 -477 0
-347 476 -477 0
-347 -476 477 0
347 476 -478 0
347 -476 478 0
-347 476 478 0
-347 -476 -478 0
475 477 -479 0
475 -477 479 0
-475 477 479 0
-475 -477 -479 0
404 279 -480 0
404 -279 -480 0
-404 279 -480 0
-404 -279 480 0
404 279 -481 0
404 -279 481 0
-404 279 481 0
-404 -279 -481 0
409 280 -482 0
409 -280 -482 0
-409 280 -482 0
-409 -280 482 0
409 280 -483 0
409 -280 483 0
-409 280 483 0
-409 -280 -483 0
418 69 -484 0
418 -69 -484 0
-418 69 -484 0
-418 -69 484 0
418 69 -485 0
418 -69 485 0
-418 69 485 0
-418 -69 -485 0
420 214 -486 0
420 -214 -486 0
-420 214 -486 0
-420 -214 486 0
420 214 -487 0
420 -214 487 0
-420 214 487 0
-420 -214 -487 0
417 487 -488 0
417 -487 -488 0
-417 487 -488 0
-417 -487 488 0
417 487 -489 0
417 -487 489 0
-417 487 489 0
-417 -487 -489 0
486 488 -490 0
486 -488 490 0
-486 488 490 0
-486 -488 -490 0
422 218 -491 0
422 -218 -491 0
-422 218 -491 0
-422 -218 491 0
422 218 -492 0
422 -218 492 0
-422 218 492 0
-422 -218 -492 0
419 492 -493 0
419 -492 -493 0
-419 492 -493 0
-419 -492 493 0
419 492 -494 0
419 -492 494 0
-419 492 494 0
-419 -492 -494 0
491 493 -495 0
491 -493 495 0
-491 493 495 0
-491 -493 -495 0
424 349 -496 0
424 -349 -496 0
-424 349 -496 0
-424 -349 496 0
424 349 -497 0
424 -349 497 0
-424 349 497 0
-424 -349 -497 0
421 497 -498 0
421 -497 -498 0
-421 497 -498 0
-421 -497 498 0
421 497 -499 0
421 -497 499 0
-421 497 499 0
-421 -497 -499 0
496 498 -500 0
496 -498 500 0
-496 498 500 0
-496 -498 -500 0
428 353 -501 0
428 -353 -501 0
-428 353 -501 0
-428 -353 501 0
428 353 -502 0
428 -353 502 0
-428 353 502 0
-428 -353 -502 0
423 502 -503 0
423 -502 -503 0
-423 502 -503 0
-423 -502 503 0
423 502 -504 0
423 -502 504 0
-423 502 504 0
-423 -502 -504 0
501 503 -505 0
501 -503 505 0
-501 503 505 0
-501 -503 -505 0
433 358 -506 0
433 -358 -506 0
-433 358 -506 0
-433 -358 506 0
433 358 -507 0
433 -358 507 0
-433 358 507 0
-433 -358 -507 0
429 507 -508 0
429 -507 -508 0
-429 507 -508 0
-429 -507 508 0
429 507 -509 0
429 -507 509 0
-429 507 509 0
-429 -507 -509 0
506 508 -510 0
506 -508 510 0
-506 508 510 0
-506 -508 -510 0
438 363 -511 0
438 -363 -511 0
-438 363 -511 0
-438 -363 511 0
438 363 -512 0
438 -363 512 0
-438 363 512 0
-438 -363 -512 0
434 512 -513 0
434 -512 -513 0
-434 512 -513 0
-434 -512 513 0
434 512 -514 0
434 -512 514 0
-434 512 514 0
-434 -512 -514 0
511 513 -515 0
511 -513 515 0
-511 513 515 0
-511 -513 -515 0
443 368 -516 0
443 -368 -516 0
-443 368 -516 0
-443 -368 516 0
443 368 -517 0
443 -368 517 0
-443 368 517 0
-443 -368 -517 0
439 517 -518 0
439 -517 -518 0
-439 517 -518 0
-439 -517 518 0
439 517 -519 0
439 -517 519 0
-439 517 519 0
-439 -517 -519 0
516 518 -520 0
516 -518 520 0
-516 518 520 0
-516 -518 -520 0
448 373 -521 0
448 -373 -521 0
-448 373 -521 0
-448 -373 521 0
448 373 -522 0
448 -373 522 0
-448 373 522 0
-448 -373 -522 0
444 522 -523 0
444 -522 -523 0
-444 522 -523 0
-444 -522 523 0
444 522 -524 0
444 -522 524 0
-444 522 524 0
-444 -522 -524 0
521 523 -525 0
521 -523 525 0
-521 523 525 0
-521 -523 -525 0
453 378 -526 0
453 -378 -526 0
-453 378 -526 0
-453 -378 526 0
453 378 -527 0
453 -378 527 0
-453 378 527 0
-453 -378 -527 0
449 527 -528 0
449 -527 -528 0
-449 527 -528 0
-449 -527 528 0
449 527 -529 0
449 -527 529 0
-449 527 529 0
-449 -527 -529 0
526 528 -530 0
526 -528 530 0
-526 528 530 0
-526 -528 -530 0
458 383 -531 0
458 -383 -531 0
-458 383 -531 0
-458 -383 531 0
458 383 -532 0
458 -383 532 0
-458 383 532 0
-458 -383 -532 0
454 532 -533 0
454 -532 -533 0
-454 532 -533 0
-454 -532 533 0
454 532 -534 0
454 -532 534 0
-454 532 534 0
-454 -532 -534 0
531 533 -535 0
531 -533 535 0
-531 533 535 0
-531 -533 -535 0
463 388 -536 0
463 -388 -536 0
-463 388 -536 0
-463 -388 536 0
463 388 -537 0
463 -388 537 0
-463 388 537 0
-463 -388 -537 0
459 537 -538 0
459 -537 -538 0
-459 537 -538 0
-459 -537 538 0
459 537 -539 0
459 -537 539 0
-459 537 539 0
-459 -537 -539 0
536 538 -540 0
536 -538 540 0
-536 538 540 0
-536 -538 -540 0
468 393 -541 0
468 -393 -541 0
-468 393 -541 0
-468 -393 541 0
468 393 -542 0
468 -393 542 0
-468 393 542 0
-468 -393 -542 0
464 542 -543 0
464 -542 -543 0
-464 542 -543 0
-464 -542 543 0
464 542 -544 0
464 -542 544 0
-464 542 544 0
-464 -542 -544 0
541 543 -545 0
541 -543 545 0
-541 543 545 0
-541 -543 -545 0
473 398 -546 0
473 -398 -546 0
-473 398 -546 0
-473 -398 546 0
473 398 -547 0
473 -398 547 0
-473 398 547 0
-473 -398 -547 0
469 547 -548 0
469 -547 -548 0
-469 547 -548 0
-469 -547 548 0
469 547 -549 0
469 -547 549 0
-469 547 549 0
-469 -547 -549 0
546 548 -550 0
546 -548 550 0
-546 548 550 0
-546 -548 -550 0
478 403 -551 0
478 -403 -551 0
-478 403 -551 0
-478 -403 551 0
478 403 -552 0
478 -403 552 0
-478 403 552 0
-478 -403 -552 0
474 552 -553 0
474 -552 -553 0
-474 552 -553 0
-474 -552 553 0
474 552 -554 0
474 -552 554 0
-474 552 554 0
-474 -552 -554 0
551 553 -555 0
551 -553 555 0
-551 553 555 0
-551 -553 -555 0
481 408 -556 0
481 -408 -556 0
-481 408 -556 0
-481 -408 556 0
481 408 -557 0
481 -408 557 0
-481 408 557 0
-481 -408 -557 0
479 557 -558 0
479 -557 -558 0
-479 557 -558 0
-479 -557 558 0
479 557 -559 0
479 -557 559 0
-479 557 559 0
-479 -557 -559 0
556 558 -560 0
556 -558 560 0
-556 558 560 0
-556 -558 -560 0
483 413 -561 0
483 -413 -561 0
-483 413 -561 0
-483 -413 561 0
483 413 -562 0
483 -413 562 0
-483 413 562 0
-483 -413 -562 0
480 562 -563 0
480 -562 -563 0
-480 562 -563 0
-480 -562 563 0
480 562 -564 0
480 -562 564 0
-480 562 564 0
-480 -562 -564 0
561 563 -565 0
561 -563 565 0
-561 563 565 0
-561 -563 -565 0
414 416 -566 0
414 -416 -566 0
-414 416 -566 0
-414 -416 566 0
414 416 -567 0
414 -416 567 0
-414 416 567 0
-414 -416 -567 0
482 567 -568 0
482 -567 -568 0
-482 567 -568 0
-482 -567 568 0
482 567 -569 0
482 -567 569 0
-482 567 569 0
-482 -567 -569 0
566 568 -570 0
566 -568 570 0
-566 568 570 0
-566 -568 -570 0
415 143 -571 0
415 -143 -571 0
-415 143 -571 0
-415 -143 571 0
415 143 -572 0
415 -143 572 0
-415 143 572 0
-415 -143 -572 0
484 489 -573 0
484 -489 573 0
-484 489 573 0
-484 -489 -573 0
484 489 -574 0
484 -489 -574 0
-484 489 -574 0
-484 -489 574 0
484 489 -575 0
484 -489 575 0
-484 489 575 0
-484 -489 575 0
490 494 -576 0
490 -494 576 0
-490 494 576 0
-490 -494 -576 0
490 494 -577 0
490 -494 -577 0
-490 494 -577 0
-490 -494 577 0
490 494 -578 0
490 -494 578 0
-490 494 578 0
-490 -494 578 0
495 499 -579 0
495 -499 579 0
-495 499 579 0
-495 -499 -579 0
495 499 -580 0
495 -499 -580 0
-495 499 -580 0
-495 -499 580 0
495 499 -581 0
495 -499 581 0
-495 499 581 0
-495 -499 581 0
500 504 -582 0
500 -504 582 0
-500 504 582 0
-500 -504 -582 0
500 504 -583 0
500 -504 -583 0
-500 504 -583 0
-500 -504 583 0
500 504 -584 0
500 -504 584 0
-500 504 584 0
-500 -504 584 0
505 509 -585 0
505 -509 585 0
-505 509 585 0
-505 -509 -585 0
505 509 -586 0
505 -509 -586 0
-505 509 -586 0
-505 -509 586 0
505 509 -587 0
505 -509 587 0
-505 509 587 0
-505 -509 587 0
510 514 -588 0
510 -514 588 0
-510 514 588 0
-510 -514 -588 0
510 514 -589 0
510 -514 -589 0
-510 514 -589 0
-510 -514 589 0
510 514 -590 0
510 -514 590 0
-510 514 590 0
-510 -514 590 0
515 519 -591 0
515 -519 591 0
-515 519 591 0
-515 -519 -591 0
515 519 -592 0
515 -519 -592 0
-515 519 -592 0
-515 -519 592 0
515 519 -593 0
515 -519 593 0
-515 519 593 0
-515 -519 593 0
520 524 -594 0
520 -524 594 0
-520 524 594 0
-520 -524 -594 0
520 524 -595 0
520 -524 -595 0
-520 524 -595 0
-520 -524 595 0
520 524 -596 0
520 -524 596 0
-520 524 596 0
-520 -524 596 0
525 529 -597 0
525 -529 597 0
-525 529 597 0
-525 -529 -597 0
525 529 -598 0
525 -529 -598 0
-525 529 -598 0
-525 -529 598 0
525 529 -599 0
525 -529 599 0
-525 529 599 0
-525 -529 599 0
530 534 -600 0
530 -534 600 0
-530 534 600 0
-530 -534 -600 0
530 534 -601 0
530 -534 -601 0
-530 534 -601 0
-530 -534 601 0
530 534 -602 0
530 -534 602 0
-530 534 602 0
-530 -534 602 0
535 539 -603 0
535 -539 603 0
-535 539 603 0
-535 -539 -603 0
535 539 -604 0
535 -539 -604 0
-535 539 -604 0
-535 -539 604 0
535 539 -605 0
535 -539 605 0
-535 539 605 0
-535 -539 605 0
540 544 -606 0
540 -544 606 0
-540 544 606 0
-540 -544 -606 0
540 544 -607 0
540 -544 -607 0
-540 544 -607 0
-540 -544 607 0
540 544 -608 0
540 -544 608 0
-540 544 608 0
-540 -544 608 0
545 549 -609 0
545 -549 609 0
-545 549 609 0
-545 -549 -609 0
545 549 -610 0
545 -549 -610 0
-545 549 -610 0
-545 -549 610 0
545 549 -611 0
545 -549 611 0
-545 549 611 0
-545 -549 611 0
550 554 -612 0
550 -554 612 0
-550 554 612 0
-550 -554 -612 0
550 554 -613 0
550 -554 -613 0
-550 554 -613 0
-550 -554 613 0
550 554 -614 0
550 -554 614 0
-550 554 614 0
-550 -554 614 0
555 559 -615 0
555 -559 615 0
-555 559 615 0
-555 -559 -615 0
555 559 -616 0
555 -559 -616 0
-555 559 -616 0
-555 -559 616 0
555 559 -617 0
555 -559 617 0
-555 559 617 0
-555 -559 617 0
560 564 -618 0
560 -564 618 0
-560 564 618 0
-560 -564 -618 0
560 564 -619 0
560 -564 -619 0
-560 564 -619 0
-560 -564 619 0
560 564 -620 0
560 -564 620 0
-560 564 620 0
-560 -564 620 0
565 569 -621 0
565 -569 621 0
-565 569 621 0
-565 -569 -621 0
565 569 -622 0
565 -569 -622 0
-565 569 -622 0
-565 -569 622 0
565 569 -623 0
565 -569 623 0
-565 569 623 0
-565 -569 623 0
570 572 -624 0
570 -572 624 0
-570 572 624 0
-570 -572 -624 0
570 572 -625 0
570 -572 -625 0
-570 572 -625 0
-570 -572 625 0
570 572 -626 0
570 -572 626 0
-570 572 626 0
-570 -572 626 0
24 145 -627 0
24 -145 627 0
-24 -145 -627 0
-24 145 627 0
145 24 -628 0
145 -24 -628 0
-145 24 -628 0
-145 -24 628 0
283 485 -629 0
283 -485 629 0
-283 -485 -629 0
-283 485 629 0
485 283 -630 0
485 -283 -630 0
-485 283 -630 0
-485 -283 630 0
574 576 -631 0
574 -576 631 0
-574 -576 -631 0
-574 576 631 0
575 576 -632 0
575 -576 632 0
-575 -576 -632 0
-575 576 632 0
577 578 -633 0
577 -578 633 0
-577 578 633 0
-577 -578 633 0
577 575 -634 0
577 -575 634 0
-577 575 634 0
-577 -575 634 0
633 634 -635 0
633 -634 -635 0
-633 634 -635 0
-633 -634 635 0
577 578 -636 0
577 -578 636 0
-577 578 636 0
-577 -578 636 0
577 574 -637 0
577 -574 637 0
-577 574 637 0
-577 -574 637 0
636 637 -638 0
636 -637 -638 0
-636 637 -638 0
-636 -637 638 0
580 582 -639 0
580 -582 639 0
-580 -582 -639 0
-580 582 639 0
581 582 -640 0
581 -582 640 0
-581 -582 -640 0
-581 582 640 0
583 584 -641 0
583 -584 641 0
-583 584 641 0
-583 -584 641 0
583 581 -642 0
583 -581 642 0
-583 581 642 0
-583 -581 642 0
641 642 -643 0
641 -642 -643 0
-641 642 -643 0
-641 -642 643 0
583 584 -644 0
583 -584 644 0
-583 584 644 0
-583 -584 644 0
583 580 -645 0
583 -580 645 0
-583 580 645 0
-583 -580 645 0
644 645 -646 0
644 -645 -646 0
-644 645 -646 0
-644 -645 646 0
586 588 -647 0
586 -588 647 0
-586 -588 -647 0
-586 588 647 0
587 588 -648 0
587 -588 648 0
-587 -588 -648 0
-587 588 648 0
589 590 -649 0
589 -590 649 0
-589 590 649 0
-589 -590 649 0
589 587 -650 0
589 -587 650 0
-589 587 650 0
-589 -587 650 0
649 650 -651 0
649 -650 -651 0
-649 650 -651 0
-649 -650 651 0
589 590 -652 0
589 -590 652 0
-589 590 652 0
-589 -590 652 0
589 586 -653 0
589 -586 653 0
-589 586 653 0
-589 -586 653 0
652 653 -654 0
652 -653 -654 0
-652 653 -654 0
-652 -653 654 0
592 594 -655 0
592 -594 655 0
-592 -594 -655 0
-592 594 655 0
593 594 -656 0
593 -594 656 0
-593 -594 -656 0
-593 594 656 0
595 596 -657 0
595 -596 657 0
-595 596 657 0
-595 -596 657 0
595 593 -658 0
595 -593 658 0
-595 593 658 0
-595 -593 658 0
657 658 -659 0
657 -658 -659 0
-657 658 -659 0
-657 -658 659 0
595 596 -660 0
595 -596 660 0
-595 596 660 0
-595 -596 660 0
595 592 -661 0
595 -592 661 0
-595 592 661 0
-595 -592 661 0
660 661 -662 0
660 -661 -662 0
-660 661 -662 0
-660 -661 662 0
598 600 -663 0
598 -600 663 0
-598 -600 -663 0
-598 600 663 0
599 600 -664 0
599 -600 664 0
-599 -600 -664 0
-599 600 664 0
601 602 -665 0
601 -602 665 0
-601 602 665 0
-601 -602 665 0
601 599 -666 0
601 -599 666 0
-601 599 666 0
-601 -599 666 0
665 666 -667 0
665 -666 -667 0
-665 666 -667 0
-665 -666 667 0
601 602 -668 0
601 -602 668 0
-601 602 668 0
-601 -602 668 0
601 598 -669 0
601 -598 669 0
-601 598 669 0
-601 -598 669 0
668 669 -670 0
668 -669 -670 0
-668 669 -670 0
-668 -669 670 0
604 606 -671 0
604 -606 671 0
-604 -606 -671 0
-604 606 671 0
605 606 -672 0
605 -606 672 0
-605 -606 -672 0
-605 606 672 0
607 608 -673 0
607 -608 673 0
-607 608 673 0
-607 -608 673 0
607 605 -674 0
607 -605 674 0
-607 605 674 0
-607 -605 674 0
673 674 -675 0
673 -674 -675 0
-673 674 -675 0
-673 -674 675 0
607 608 -676 0
607 -608 676 0
-607 608 676 0
-607 -608 676 0
607 604 -677 0
607 -604 677 0
-607 604 677 0
-607 -604 677 0
676 677 -678 0
676 -677 -678 0
-676 677 -678 0
-676 -677 678 0
610 612 -679 0
610 -612 679 0
-610 -612 -679 0
-610 612 679 0
611 612 -680 0
611 -612 680 0
-611 -612 -680 0
-611 612 680 0
613 614 -681 0
613 -614 681 0
-613 614 681 0
-613 -614 681 0
613 611 -682 0
613 -611 682 0
-613 611 682 0
-613 -611 682 0
681 682 -683 0
681 -682 -683 0
-681 682 -683 0
-681 -682 683 0
613 614 -684 0
613 -614 684 0
-613 614 684 0
-613 -614 684 0
613 610 -685 0
613 -610 685 0
-613 610 685 0
-613 -610 685 0
684 685 -686 0
684 -685 -686 0
-684 685 -686 0
-684 -685 686 0
616 618 -687 0
616 -618 687 0
-616 -618 -687 0
-616 618 687 0
617 618 -688 0
617 -618 688 0
-617 -618 -688 0
-617 618 688 0
619 620 -689 0
619 -620 689 0
-619 620 689 0
-619 -620 689 0
619 617 -690 0
619 -617 690 0
-619 617 690 0
-619 -617 690 0
689 690 -691 0
689 -690 -691 0
-689 690 -691 0
-689 -690 691 0
619 620 -692 0
619 -620 692 0
-619 620 692 0
-619 -620 692 0
619 616 -693 0
619 -616 693 0
-619 616 693 0
-619 -616 693 0
692 693 -694 0
692 -693 -694 0
-692 693 -694 0
-692 -693 694 0
622 624 -695 0
622 -624 695 0
-622 -624 -695 0
-622 624 695 0
623 624 -696 0
623 -624 696 0
-623 -624 -696 0
-623 624 696 0
625 626 -697 0
625 -626 697 0
-625 626 697 0
-625 -626 697 0
625 623 -698 0
625 -623 698 0
-625 623 698 0
-625 -623 698 0
697 698 -699 0
697 -698 -699 0
-697 698 -699 0
-697 -698 699 0
625 626 -700 0
625 -626 700 0
-625 626 700 0
-625 -626 700 0
625 622 -701 0
625 -622 701 0
-625 622 701 0
-625 -622 701 0
700 701 -702 0
700 -701 -702 0
-700 701 -702 0
-700 -701 702 0
628 283 -703 0
628 -283 703 0
-628 -283 -703 0
-628 283 703 0
628 485 -704 0
628 -485 704 0
-628 629 -704 0
-628 -629 704 0
630 628 -705 0
630 -628 -705 0
-630 628 -705 0
-630 -628 705 0
638 579 -706 0
638 -579 706 0
-638 -579 -706 0
-638 579 706 0
638 639 -707 0
638 -639 707 0
-638 640 -707 0
-638 -640 707 0
635 579 -708 0
635 -579 708 0
-635 -579 -708 0
-635 579 708 0
635 639 -709 0
635 -639 709 0
-635 640 -709 0
-635 -640 709 0
646 643 -710 0
646 -643 710 0
-646 643 710 0
-646 -643 710 0
646 635 -711 0
646 -635 711 0
-646 635 711 0
-646 -635 711 0
710 711 -712 0
710 -711 -712 0
-710 711 -712 0
-710 -711 712 0
646 643 -713 0
646 -643 713 0
-646 643 713 0
-646 -643 713 0
646 638 -714 0
646 -638 714 0
-646 638 714 0
-646 -638 714 0
713 714 -715 0
713 -714 -715 0
-713 714 -715 0
-713 -714 715 0
654 591 -716 0
654 -591 716 0
-654 -591 -716 0
-654 591 716 0
654 655 -717 0
654 -655 717 0
-654 656 -717 0
-654 -656 717 0
651 591 -718 0
651 -591 718 0
-651 -591 -718 0
-651 591 718 0
651 655 -719 0
651 -655 719 0
-651 656 -719 0
-651 -656 719 0
662 659 -720 0
662 -659 720 0
-662 659 720 0
-662 -659 720 0
662 651 -721 0
662 -651 721 0
-662 651 721 0
-662 -651 721 0
720 721 -722 0
720 -721 -722 0
-720 721 -722 0
-720 -721 722 0
662 659 -723 0
662 -659 723 0
-662 659 723 0
-662 -659 723 0
662 654 -724 0
662 -654 724 0
-662 654 724 0
-662 -654 724 0
723 724 -725 0
723 -724 -725 0
-723 724 -725 0
-723 -724 725 0
670 603 -726 0
670 -603 726 0
-670 -603 -726 0
-670 603 726 0
670 671 -727 0
670 -671 727 0
-670 672 -727 0
-670 -672 727 0
667 603 -728 0
667 -603 728 0
-667 -603 -728 0
-667 603 728 0
667 671 -729 0
667 -671 729 0
-667 672 -729 0
-667 -672 729 0
678 675 -730 0
678 -675 730 0
-678 675 730 0
-678 -675 730 0
678 667 -731 0
678 -667 731 0
-678 667 731 0
-678 -667 731 0
730 731 -732 0
730 -731 -732 0
-730 731 -732 0
-730 -731 732 0
678 675 -733 0
678 -675 733 0
-678 675 733 0
-678 -675 733 0
678 670 -734 0
678 -670 734 0
-678 670 734 0
-678 -670 734 0
733 734 -735 0
733 -734 -735 0
-733 734 -735 0
-733 -734 735 0
686 615 -736 0
686 -615 736 0
-686 -615 -736 0
-686 615 736 0
686 687 -737 0
686 -687 737 0
-686 688 -737 0
-686 -688 737 0
683 615 -738 0
683 -615 738 0
-683 -615 -738 0
-683 615 738 0
683 687 -739 0
683 -687 739 0
-683 688 -739 0
-683 -688 739 0
694 691 -740 0
694 -691 740 0
-694 691 740 0
-694 -691 740 0
694 683 -741 0
694 -683 741 0
-694 683 741 0
-694 -683 741 0
740 741 -742 0
740 -741 -742 0
-740 741 -742 0
-740 -741 742 0
694 691 -743 0
694 -691 743 0
-694 691 743 0
-694 -691 743 0
694 686 -744 0
694 -686 744 0
-694 686 744 0
-694 -686 744 0
743 744 -745 0
743 -744 -745 0
-743 744 -745 0
-743 -744 745 0
702 571 -746 0
702 -571 746 0
-702 -571 -746 0
-702 571 746 0
702 571 -747 0
702 -571 -747 0
-702 571 -747 0
-702 -571 747 0
699 571 -748 0
699 -571 748 0
-699 -571 -748 0
-699 571 748 0
699 571 -749 0
699 -571 -749 0
-699 571 -749 0
-699 -571 749 0
705 573 -750 0
705 -573 750 0
-705 -573 -750 0
-705 573 750 0
705 631 -751 0
705 -631 751 0
-705 632 -751 0
-705 -632 751 0
705 706 -752 0
705 -706 752 0
-705 708 -752 0
-705 -708 752 0
705 707 -753 0
705 -707 753 0
-705 709 -753 0
-705 -709 753 0
715 712 -754 0
715 -712 754 0
-715 712 754 0
-715 -712 754 0
715 705 -755 0
715 -705 755 0
-715 705 755 0
-715 -705 755 0
754 755 -756 0
754 -755 -756 0
-754 755 -756 0
-754 -755 756 0
715 712 -757 0
715 -712 757 0
-715 712 757 0
-715 -712 757 0
757 715 -758 0
757 -715 -758 0
-757 715 -758 0
-757 -715 758 0
725 597 -759 0
725 -597 759 0
-725 -597 -759 0
-725 597 759 0
725 663 -760 0
725 -663 760 0
-725 664 -760 0
-725 -664 760 0
725 726 -761 0
725 -726 761 0
-725 728 -761 0
-725 -728 761 0
725 727 -762 0
725 -727 762 0
-725 729 -762 0
-725 -729 762 0
722 597 -763 0
722 -597 763 0
-722 -597 -763 0
-722 597 763 0
722 663 -764 0
722 -663 764 0
-722 664 -764 0
-722 -664 764 0
722 726 -765 0
722 -726 765 0
-722 728 -765 0
-722 -728 765 0
722 727 -766 0
722 -727 766 0
-722 729 -766 0
-722 -729 766 0
735 732 -767 0
735 -732 767 0
-735 732 767 0
-735 -732 767 0
735 722 -768 0
735 -722 768 0
-735 722 768 0
-735 -722 768 0
767 768 -769 0
767 -768 -769 0
-767 768 -769 0
-767 -768 769 0
735 732 -770 0
735 -732 770 0
-735 732 770 0
-735 -732 770 0
735 725 -771 0
735 -725 771 0
-735 725 771 0
-735 -725 771 0
770 771 -772 0
770 -771 -772 0
-770 771 -772 0
-770 -771 772 0
745 621 -773 0
745 -621 773 0
-745 -621 -773 0
-745 621 773 0
745 695 -774 0
745 -695 774 0
-745 696 -774 0
-745 -696 774 0
745 746 -775 0
745 -746 775 0
-745 748 -775 0
-745 -748 775 0
745 747 -776 0
745 -747 776 0
-745 749 -776 0
-745 -749 776 0
742 621 -777 0
742 -621 777 0
-742 -621 -777 0
-742 621 777 0
742 695 -778 0
742 -695 778 0
-742 696 -778 0
-742 -696 778 0
742 746 -779 0
742 -746 779 0
-742 748 -779 0
-742 -748 779 0
742 747 -780 0
742 -747 780 0
-742 749 -780 0
-742 -749 780 0
758 585 -781 0
758 -585 781 0
-758 -585 -781 0
-758 585 781 0
758 647 -782 0
758 -647 782 0
-758 648 -782 0
-758 -648 782 0
758 716 -783 0
758 -716 783 0
-758 718 -783 0
-758 -718 783 0
758 717 -784 0
758 -717 784 0
-758 719 -784 0
-758 -719 784 0
758 759 -785 0
758 -759 785 0
-758 763 -785 0
-758 -763 785 0
758 760 -786 0
758 -760 786 0
-758 764 -786 0
-758 -764 786 0
758 761 -787 0
758 -761 787 0
-758 765 -787 0
-758 -765 787 0
758 762 -788 0
758 -762 788 0
-758 766 -788 0
-758 -766 788 0
756 585 -789 0
756 -585 789 0
-756 -585 -789 0
-756 585 789 0
756 647 -790 0
756 -647 790 0
-756 648 -790 0
-756 -648 790 0
756 716 -791 0
756 -716 791 0
-756 718 -791 0
-756 -718 791 0
756 717 -792 0
756 -717 792 0
-756 719 -792 0
-756 -719 792 0
756 759 -793 0
756 -759 793 0
-756 763 -793 0
-756 -763 793 0
756 760 -794 0
756 -760 794 0
-756 764 -794 0
-756 -764 794 0
756 761 -795 0
756 -761 795 0
-756 765 -795 0
-756 -765 795 0
756 762 -796 0
756 -762 796 0
-756 766 -796 0
-756 -766 796 0
772 769 -797 0
772 -769 797 0
-772 769 797 0
-772 -769 797 0
772 756 -798 0
772 -756 798 0
-772 756 798 0
-772 -756 798 0
797 798 -799 0
797 -798 -799 0
-797 798 -799 0
-797 -798 799 0
772 769 -800 0
772 -769 800 0
-772 769 800 0
-772 -769 800 0
772 758 -801 0
772 -758 801 0
-772 758 801 0
-772 -758 801 0
800 801 -802 0
800 -801 -802 0
-800 801 -802 0
-800 -801 802 0
802 609 -803 0
802 -609 803 0
-802 -609 -803 0
-802 609 803 0
802 679 -804 0
802 -679 804 0
-802 680 -804 0
-802 -680 804 0
802 736 -805 0
802 -736 805 0
-802 738 -805 0
-802 -738 805 0
802 737 -806 0
802 -737 806 0
-802 739 -806 0
-802 -739 806 0
802 773 -807 0
802 -773 807 0
-802 777 -807 0
-802 -777 807 0
802 774 -808 0
802 -774 808 0
-802 778 -808 0
-802 -778 808 0
802 775 -809 0
802 -775 809 0
-802 779 -809 0
-802 -779 809 0
802 776 -810 0
802 -776 810 0
-802 780 -810 0
-802 -780 810 0
799 609 -811 0
799 -609 811 0
-799 -609 -811 0
-799 609 811 0
799 679 -812 0
799 -679 812 0
-799 680 -812 0
-799 -680 812 0
799 736 -813 0
799 -736 813 0
-799 738 -813 0
-799 -738 813 0
799 737 -814 0
799 -737 814 0
-799 739 -814 0
-799 -739 814 0
799 773 -815 0
799 -773 815 0
-799 777 -815 0
-799 -777 815 0
799 774 -816 0
799 -774 816 0
-799 778 -816 0
-799 -778 816 0
799 775 -817 0
799 -775 817 0
-799 779 -817 0
-799 -779 817 0
799 776 -818 0
799 -776 818 0
-799 780 -818 0
-799 -780 818 0
24 0
-145 0
-283 0
485 0
-573 0
631 0
706 0
707 0
781 0
-782 0
783 0
784 0
-785 0
786 0
-787 0
788 0
-803 0
-804 0
-805 0
-806 0
-807 0
-808 0
-809 0
-810 0
